# Digitized from CMS-DP-2015-015, page 8 (PDF page index 7).
# Source: https://cds.cern.ch/record/2037372/files/DP2015_015.pdf
# Approximate raster digitization; these are not official tabulated CMS data.
# Axis calibration: x pixels 111..660 -> -2..2; y pixels 429.5,280,130.5 -> 10,100,1000 events.
# Values clipped at/below the visible lower frame are written as nan.
# x_center prompt_tracker_muon prompt_muon_only displaced_muon_only standard_muon_only_displaced
-1.99 nan nan 10.554 15.752
-1.97 nan nan 12.123 18.094
-1.95 nan nan 11.576 15.752
-1.93 nan nan 14.142 16.496
-1.91 nan nan 15.040 15.752
-1.89 nan nan 17.277 18.094
-1.87 nan nan 13.297 19.845
-1.85 nan 7.876 12.893 15.511
-1.83 nan nan 15.274 15.752
-1.81 nan nan 14.584 15.752
-1.79 nan nan 14.584 15.511
-1.77 nan nan 13.713 18.949
-1.75 nan nan 15.752 17.817
-1.73 nan nan 15.274 18.094
-1.71 nan nan 15.274 16.753
-1.69 nan nan 18.374 20.784
-1.67 nan nan 18.660 14.810
-1.65 nan nan 20.153 13.926
-1.63 nan nan 15.511 23.150
-1.61 nan nan 15.996 23.150
-1.59 nan nan 18.094 22.796
-1.57 nan nan 17.817 15.752
-1.55 nan nan 18.094 14.810
-1.53 nan nan 17.817 16.753
-1.51 nan nan 20.466 18.660
-1.49 nan nan 20.153 18.660
-1.47 nan nan 23.150 21.106
-1.45 nan nan 20.466 18.660
-1.43 nan nan 20.153 19.243
-1.41 nan 9.047 20.153 26.592
-1.39 nan 10.884 21.434 23.874
-1.37 nan nan 21.106 17.277
-1.35 nan nan 25.391 17.277
-1.33 nan 7.999 25.391 17.277
-1.31 nan nan 26.592 18.094
-1.29 nan nan 26.185 14.810
-1.27 nan 9.047 27.424 14.584
-1.25 nan 7.999 27.424 25.391
-1.23 nan 7.876 29.619 18.094
-1.21 nan 7.999 31.501 17.545
-1.19 nan 7.999 31.020 21.434
-1.17 nan 9.047 31.501 20.784
-1.15 nan 8.909 30.079 20.784
-1.13 nan 12.123 30.079 20.784
-1.11 nan 11.576 29.619 18.949
-1.09 nan 14.142 31.990 18.949
-1.07 nan 9.923 35.632 23.874
-1.05 nan nan 34.551 20.784
-1.03 nan nan 39.688 21.434
-1.01 nan nan 36.747 17.277
-0.99 nan 8.909 36.747 14.142
-0.97 nan nan 42.210 14.810
-0.95 nan nan 40.304 25.785
-0.93 nan 9.047 46.297 22.448
-0.91 nan 14.810 48.486 22.448
-0.89 nan 18.094 47.745 30.546
-0.87 nan 27.424 48.486 25.003
-0.85 nan 22.105 47.745 20.784
-0.83 nan 21.767 48.486 21.434
-0.81 nan 17.013 52.368 25.785
-0.79 nan 16.753 56.560 27.424
-0.77 nan 25.003 64.969 22.448
-0.75 nan 25.003 58.329 23.150
-0.73 nan 25.391 58.329 20.153
-0.71 nan 28.282 62.036 20.784
-0.69 nan 31.501 65.978 28.282
-0.67 nan 25.785 72.366 28.282
-0.65 nan 36.185 70.170 27.849
-0.63 nan 45.589 71.260 28.282
-0.61 nan 44.206 78.159 28.282
-0.59 nan 49.239 80.604 32.991
-0.57 nan 54.844 84.415 32.487
-0.55 nan 59.235 83.125 32.991
-0.53 nan 67.002 85.726 31.501
-0.51 nan 65.978 84.415 30.079
-0.49 nan 78.159 89.780 29.619
-0.47 nan 79.372 92.588 30.079
-0.45 nan 80.604 91.173 27.424
-0.43 nan 92.588 104.729 26.592
-0.41 nan 120.301 103.128 39.082
-0.39 nan 140.332 109.682 37.317
-0.37 nan 138.187 108.005 42.865
-0.35 nan 138.187 108.005 35.632
-0.33 nan 161.197 118.462 35.087
-0.31 nan 168.820 116.651 37.317
-0.29 nan 179.548 118.462 36.747
-0.27 nan 206.244 125.990 50.779
-0.25 nan 229.723 124.064 33.503
-0.23 nan 259.846 131.948 34.023
-0.21 nan 251.964 146.968 44.893
-0.19 nan 272.134 136.075 37.317
-0.17 nan 293.919 138.187 36.747
-0.15 nan 289.427 142.510 42.865
-0.13 nan 312.596 153.919 40.930
-0.11 15.996 337.620 153.919 39.688
-0.09 41.565 322.375 151.566 45.589
-0.07 209.445 327.379 156.308 43.531
-0.05 752.063 370.307 156.308 44.206
-0.03 2110.643 387.819 166.240 40.930
-0.01 3674.662 387.819 158.734 41.565
0.01 3674.662 376.055 161.197 44.206
0.03 2143.402 381.891 158.734 42.210
0.05 799.853 387.819 161.197 42.210
0.07 233.288 364.647 163.699 41.565
0.09 55.695 342.860 161.197 47.015
0.11 20.153 332.460 156.308 38.484
0.13 nan 370.307 153.919 39.082
0.15 nan 307.818 161.197 42.210
0.17 nan 307.818 146.968 49.239
0.19 nan 272.134 146.968 42.865
0.21 nan 272.134 151.566 39.082
0.23 nan 219.350 149.250 35.087
0.25 nan 215.997 161.197 32.487
0.27 nan 212.696 151.566 32.991
0.29 nan 176.804 151.566 35.087
0.31 nan 174.102 138.187 37.896
0.33 nan 166.240 136.075 41.565
0.35 nan 140.332 136.075 41.565
0.37 nan 124.064 133.996 42.210
0.39 nan 104.729 129.931 40.304
0.41 nan 85.726 127.945 40.930
0.43 nan 88.407 120.301 40.930
0.45 nan 84.415 111.384 40.304
0.47 nan 78.159 111.384 40.930
0.49 nan 76.964 108.005 35.632
0.51 nan 75.788 108.005 35.087
0.53 nan 61.088 108.005 30.079
0.55 nan 54.844 106.354 30.546
0.57 nan 55.695 100.000 41.565
0.59 nan 54.844 98.472 40.930
0.61 nan 52.368 89.780 32.991
0.63 nan 43.531 84.415 36.747
0.65 nan 33.503 83.125 27.424
0.67 nan 34.551 81.855 27.005
0.69 nan 37.317 83.125 32.487
0.71 nan 38.484 81.855 31.020
0.73 nan 34.551 84.415 31.501
0.75 nan 34.023 83.125 31.020
0.77 nan 25.785 69.098 30.079
0.79 nan 27.424 67.002 23.874
0.81 nan 30.079 65.978 23.150
0.83 nan 27.005 65.978 26.592
0.85 nan 27.424 67.002 26.185
0.87 nan 13.094 54.844 26.592
0.89 nan 18.094 56.560 35.087
0.91 nan 18.094 52.368 25.785
0.93 nan 17.817 51.567 26.592
0.95 nan 18.094 51.567 26.592
0.97 nan 14.142 49.239 25.785
0.99 nan 14.142 49.239 25.003
1.01 nan 13.926 44.206 24.621
1.03 nan 15.996 43.531 30.079
1.05 nan 14.142 44.206 32.487
1.07 nan 14.142 42.210 20.784
1.09 nan 10.554 36.747 20.153
1.11 nan 11.053 35.632 23.150
1.13 nan 7.999 40.930 14.810
1.15 nan 7.999 32.487 14.810
1.17 nan 13.503 32.487 22.448
1.19 nan 9.923 30.546 23.150
1.21 nan 10.077 28.282 22.796
1.23 nan nan 27.849 23.150
1.25 nan nan 28.721 26.185
1.27 nan nan 29.619 21.106
1.29 nan nan 25.785 21.434
1.31 nan nan 25.391 21.767
1.33 nan 10.077 27.005 15.752
1.35 nan nan 24.621 15.511
1.37 nan nan 24.621 18.949
1.39 nan nan 25.391 22.448
1.41 nan nan 24.621 13.503
1.43 nan nan 24.245 14.142
1.45 nan nan 21.106 14.810
1.47 nan nan 18.374 14.584
1.49 nan nan 18.949 16.496
1.51 nan nan 18.949 20.784
1.53 nan nan 18.660 22.796
1.55 nan nan 17.545 20.153
1.57 nan nan 17.277 21.434
1.59 nan nan 18.660 26.592
1.61 nan nan 18.374 30.079
1.63 nan 9.047 16.496 22.105
1.65 nan nan 16.753 22.448
1.67 nan nan 16.496 21.434
1.69 nan nan 16.496 21.106
1.71 nan nan 15.040 21.434
1.73 nan nan 12.311 17.013
1.75 nan nan 12.502 17.277
1.77 nan nan 12.311 17.277
1.79 nan nan 11.576 22.448
1.81 nan nan 13.713 18.094
1.83 nan nan 12.696 17.817
1.85 nan nan 12.502 17.817
1.87 nan nan 9.622 17.817
1.89 nan nan 11.053 18.949
1.91 nan nan 12.311 16.496
1.93 nan nan 12.123 16.244
1.95 nan nan 11.399 13.297
1.97 nan nan 11.755 13.094
1.99 nan nan 10.718 16.496
